[app/ui]
version = 6.5.2
modtime = 1491295427.099074000

[app/launcher]
version = 6.5.2
modtime = 1491295427.101969000
